17
100
141
234
182
150
46
48
118
41
66
10
237
243
134
102
77
4
90
231
65
183
60
211
241
117
40
70
93
94
130
116
215
14
80
19
153
205
255
257
259
240
212
35
62
85
106
170
246
180
172
186
250
165
126
23
109
12
197
245
228
195
216
47
32
192
57
111
68
181
224
163
127
204
86
64
67
101
121
210
249
146
87
157
194
208
145
98
140
9
265
200
144
119
132
230
39
155
58
247
25
202
115
97
78
54
242
171
263
235
227
142
91
191
219
26
61
158
24
43
160
252
89
173
223
143
15
203
176
42
75
76
159
147
53
28
96
6
71
63
221
79
112
217
222
188
136
7
168
233
21
3
113
108
185
236
258
174
34
95
161
45
178
238
213
135
177
73
138
8
129
225
254
69
229
244
218
139
1
201
239
33
83
232
37
193
256
162
179
198
13
220
196
190
114
169
56
31
107
50
206
49
248
133
148
189
18
88
125
16
92
151
164
226
20
11
74
122
81
124
152
52
123
149
209
55
51
120
166
38
128
260
167
264
82
22
262
72
29
36
137
261
131
175