17
19
68
91
250
43
129
151
155
177
216
249
10
141
143
205
233
171
69
72
76
80
145
201
180
42
70
77
260
82
158
39
47
125
170
181
239
246
248
14
152
221
146
150
167
229
259
28
87
144
225
4
35
93
157
210
227
7
195
12
64
124
153
160
186
261
265
134
258
18
162
257
222
126
147
226
90
223
235
244
38
142
234
24
36
132
189
34
215
218
232
22
83
95
97
123
136
247
263
127
168
212
238
187
16
41
60
85
88
163
236
107
133
165
166
13
50
94
137
112
217
20
81
32
37
49
149
159
174
211
48
52
62
74
75
254
61
197
198
237
21
65
100
169
182
230
23
116
140
262
29
33
122
202
256
40
191
208
114
128
243
11
92
193
264
45
79
220
56
203
209
255
54
67
190
228
8
98
120
138
188
241
78
121
89
101
113
119
178
213
25
71
130
173
192
164
179
224
51
66
106
148
161
196
231